1000 1000
189 519
437 955
781 258
158 886
957 453
6 42
33 163
501 787
373 108
926 567
583 467
790 991
929 704
759 307
387 16
968 576
887 405
883 669
16 41
907 325
495 913
367 880
76 869
667 801
329 593
368 913
412 511
256 341
215 15
649 954
31 617
530 271
375 414
940 391
807 847
68 302
761 787
534 189
656 553
991 338
146 359
251 911
222 507
252 438
522 253
744 906
871 275
177 598
41 469
341 848
668 409
503 781
196 37
971 205
591 962
543 89
673 146
0 248
5 605
38 879
858 782
137 81
409 666
679 450
135 20
651 804
429 506
585 978
895 908
535 838
870 430
280 896
928 632
144 933
237 182
812 96
316 950
177 726
968 209
528 104
229 531
260 11
37 197
341 285
106 876
123 328
306 403
576 234
36 720
519 625
254 683
721 571
985 251
649 954
460 177
58 41
709 670
52 98
867 745
383 973
621 507
302 279
262 878
865 650
951 736
276 557
420 349
480 405
952 129
711 764
659 121
806 368
791 210
818 659
956 202
984 929
61 638
561 323
869 426
326 820
163 602
729 935
303 210
692 256
691 404
20 350
525 178
70 669
389 889
680 697
443 664
626 504
655 187
179 524
966 505
696 481
459 425
416 763
987 460
371 31
864 743
733 742
922 804
763 663
45 443
360 488
459 338
344 114
526 523
638 844
29 686
325 488
112 93
603 451
553 974
482 770
70 216
864 992
372 627
655 417
422 367
257 881
705 601
348 583
476 338
427 505
25 104
346 489
197 301
940 103
628 423
225 698
639 89
690 11
68 697
780 490
64 389
723 769
342 71
353 818
762 132
676 787
237 22
276 786
675 568
889 303
991 114
1 982
555 43
345 623
740 125
113 804
514 837
926 856
260 279
27 22
763 703
161 0
725 789
787 752
358 28
56 701
495 409
684 50
453 29
674 545
507 139
702 373
328 628
582 941
259 609
315 22
312 477
23 389
618 162
141 328
542 549
30 37
959 66
440 764
447 466
309 306
605 363
680 286
991 614
227 250
223 894
625 887
371 0
276 342
162 769
670 56
319 52
94 630
118 534
746 918
352 407
224 957
771 904
595 762
518 174
365 93
69 990
980 792
990 608
134 504
378 805
560 49
209 6
31 328
892 777
246 244
184 822
554 955
79 149
70 949
676 435
43 745
777 375
537 767
984 672
623 714
829 535
115 38
542 498
718 434
275 316
31 811
139 585
119 218
86 189
167 762
976 562
507 753
938 397
872 922
69 847
988 250
382 103
288 924
601 359
711 228
675 742
391 814
679 862
384 117
403 552
232 379
114 91
484 404
488 356
678 909
555 666
159 938
121 800
862 74
159 925
654 834
19 398
1 698
260 385
168 664
289 400
43 756
491 880
160 332
588 839
241 144
857 401
82 331
553 296
405 712
222 412
546 593
810 899
644 70
285 812
734 574
564 130
682 55
362 843
387 950
34 629
94 891
382 528
574 935
825 980
999 399
744 897
344 554
797 988
624 434
800 711
8 364
193 691
772 555
886 511
505 920
492 952
163 226
480 738
161 657
70 160
408 814
410 753
368 207
93 344
641 246
407 1
610 600
44 734
507 282
246 365
202 90
317 718
317 149
808 478
159 230
991 919
396 753
24 116
960 118
460 953
364 220
954 326
820 351
413 680
633 659
45 188
101 362
258 418
863 66
249 22
648 592
942 44
345 966
160 305
436 972
610 800
192 564
479 365
267 892
45 901
903 90
89 4
804 347
423 667
765 672
690 765
264 984
809 961
302 969
266 739
941 876
891 486
792 722
851 60
614 896
313 869
338 754
874 142
453 649
809 218
673 851
983 289
187 144
250 490
113 516
581 406
744 824
892 888
547 95
300 513
343 613
383 681
367 609
175 820
610 337
390 283
188 373
572 728
869 822
570 334
690 503
741 786
327 985
674 226
81 975
92 424
588 475
458 956
436 633
128 46
970 519
329 511
244 901
239 114
75 809
448 765
664 541
551 991
527 577
570 960
552 662
384 493
489 194
449 925
828 577
971 798
448 652
309 693
905 548
807 980
709 607
97 373
149 0
717 676
577 287
636 482
301 372
975 790
567 776
715 395
705 38
545 154
690 855
847 947
755 6
279 817
613 376
542 762
728 259
438 305
898 426
139 551
151 114
341 718
890 408
465 596
446 10
750 488
217 949
435 325
955 66
142 568
794 684
331 522
296 121
180 546
548 319
98 51
434 791
769 676
200 586
272 646
948 374
487 166
323 274
491 630
341 633
199 135
669 882
658 317
355 190
216 255
509 314
306 295
105 427
972 305
13 596
304 962
323 791
128 998
65 971
629 758
956 180
894 977
414 904
295 769
94 511
25 603
177 683
251 634
111 223
292 124
171 596
438 494
739 566
493 156
889 474
915 845
654 161
175 420
65 470
189 511
333 566
114 862
250 365
496 713
940 788
837 112
736 276
958 827
194 803
336 436
277 251
633 283
764 808
703 181
630 245
692 963
163 806
177 765
524 674
478 816
814 668
280 903
296 239
730 490
42 66
278 320
669 912
955 785
72 659
966 703
904 658
18 419
817 196
185 693
870 663
509 36
331 790
939 627
381 22
470 423
88 100
95 110
12 51
895 85
710 214
140 966
872 158
737 689
354 922
382 576
938 244
613 269
34 904
249 415
926 71
190 367
523 286
477 536
689 724
973 751
938 113
69 163
623 806
204 978
729 939
906 667
183 871
288 569
776 889
984 702
312 526
69 836
164 898
724 853
975 697
604 265
162 673
780 785
480 985
115 209
924 374
228 107
245 516
28 21
758 364
76 70
890 497
906 55
748 982
908 75
679 513
340 193
538 121
331 18
458 446
579 382
172 807
841 418
676 869
791 434
233 219
504 475
717 763
530 817
745 791
892 777
656 232
970 194
705 653
213 163
452 144
897 624
952 738
394 980
959 186
414 192
405 918
668 474
33 550
643 131
341 535
908 997
120 230
192 825
884 757
341 336
253 238
960 205
329 355
185 288
893 951
833 650
222 853
477 255
403 120
386 97
8 646
94 128
877 638
305 113
747 646
449 1
237 761
558 566
468 96
206 713
47 39
364 269
892 193
877 648
313 615
745 321
262 191
801 491
182 107
604 929
105 405
282 342
518 841
260 987
289 467
52 336
858 416
958 103
961 187
751 627
802 848
300 416
391 102
907 573
561 863
855 666
620 489
361 139
682 973
478 971
440 530
660 651
299 970
754 260
157 857
887 311
705 188
80 448
642 987
374 203
203 581
869 823
70 582
314 753
556 792
76 348
675 88
999 974
58 753
586 567
610 826
231 667
14 311
116 8
650 490
211 853
71 432
29 493
15 343
246 571
488 675
919 163
763 919
137 174
672 75
741 635
901 324
302 915
635 418
923 286
260 486
491 331
919 872
825 934
568 423
857 56
98 776
219 214
47 708
388 72
783 481
707 37
806 9
304 793
780 580
431 40
66 923
724 985
147 901
271 715
324 128
771 775
257 342
341 304
402 81
728 538
562 435
575 720
797 879
514 929
459 945
969 526
220 45
863 368
946 135
83 623
615 207
750 872
901 91
529 304
172 257
194 86
45 769
807 842
0 673
123 460
970 92
338 191
490 201
911 436
336 346
59 952
905 161
176 807
252 705
463 776
315 657
215 360
778 374
554 778
47 677
238 369
121 576
912 611
130 823
48 818
522 459
770 427
621 299
586 225
4 49
354 319
58 569
31 836
295 585
967 342
262 205
63 384
134 976
995 264
151 395
434 673
207 205
101 180
856 687
405 212
89 111
532 147
32 915
336 327
501 303
21 115
860 85
499 994
61 847
610 212
594 45
238 801
602 691
981 810
378 739
22 819
850 906
967 235
822 655
562 323
958 584
438 818
669 290
165 82
489 127
646 83
524 236
237 478
927 218
288 306
309 311
477 512
217 444
747 39
99 309
714 409
245 153
228 266
795 745
700 284
872 347
719 749
583 956
227 511
527 516
169 836
179 646
348 748
443 447
140 894
757 854
304 354
359 884
621 154
629 321
438 853
20 158
602 956
466 830
819 993
698 340
830 229
338 530
977 781
978 117
28 735
972 332
441 331
216 62
838 197
736 276
50 108
786 653
416 253
483 235
246 533
927 428
762 266
959 739
399 937
209 427
24 181
759 465
864 327
880 702
524 968
331 575
428 469
228 845
722 63
80 321
948 8
749 710
626 60
801 25
997 10
453 373
543 564
191 408
892 71
110 768
391 793
343 819
263 923
664 985
338 97
658 286
457 760
996 83
172 798
108 170
160 913
895 704
478 86
112 370
509 574
138 900
368 834
72 631
757 736
968 96
185 979
734 642
91 731
77 263
881 186
785 41
451 681
97 929
767 209
651 629
136 142
529 856
976 953
839 85
42 159
533 227
138 268
222 581
999 299
845 232
837 630
625 289
311 723
218 431
284 222
60 772
364 941
628 340
895 467
777 937
627 311
516 117
579 738
699 930
390 896
514 227
526 139
868 190
214 439
973 499
661 385
271 25
